Some((
    red: 0.00000057756904,
    green: 0.33289164,
    blue: 0.47218168,
    alpha: 1.0,
))