Some((
    red: 0.000000385046,
    green: 0.24731052,
    blue: 0.7188838,
    alpha: 1.0,
))