Some((
    red: 0.11764706,
    green: 0.4,
    blue: 0.9607843,
))