Some((
    red: 0.01568627,
    green: 0.64705884,
    blue: 0.8980392,
))