Some((
    red: 0.1882353,
    green: 0.1882353,
    blue: 0.1882353,
    alpha: 1.0,
))