Some((
    red: 0.9338223,
    green: 0.9338224,
    blue: 0.93382215,
))