Some((
    red: 0.20784312,
    green: 0.51764715,
    blue: 0.89411765,
))